%YAML:1.0
---
rotation: !!opencv-matrix
   rows: 3
   cols: 3
   dt: d
   data: [ 9.9976900000000002e-01, -2.8089999999999999e-03,
       2.1292999999999999e-02, 2.7599999999999999e-03,
       9.9999400000000005e-01, 2.3050000000000002e-03,
       -2.1298999999999998e-02, -2.2460000000000002e-03,
       9.9977099999999997e-01 ]
translation: !!opencv-matrix
   rows: 3
   cols: 1
   dt: d
   data: [ 7.9645999999999995e-02, 1.1689999999999999e-03,
       -5.9059999999999998e-03 ]
