%YAML:1.0
---
cameraMatrix: !!opencv-matrix
   rows: 3
   cols: 3
   dt: d
   data: [ 2.4095695519999999e+03, 0., 1.1985355239999999e+03, 0.,
       2.4105797360000001e+03, 8.6767821200000003e+02, 0., 0., 1. ]
distortionCoefficients: !!opencv-matrix
   rows: 1
   cols: 5
   dt: d
   data: [ -9.4636999999999999e-02, 2.2936899999999999e-01,
       1.7799999999999999e-04, 2.0000000000000002e-05,
       -5.1073000000000000e-02 ]
board_width: 9
board_height: 7
square_size: 7.0000000000000007e-02
