%YAML:1.0
---
cameraMatrixColor: !!opencv-matrix
   rows: 3
   cols: 3
   dt: d
   data: [ 2.4095695519999999e+03, 0., 1.1985355239999999e+03, 0.,
       2.4105797360000001e+03, 8.6767821200000003e+02, 0., 0., 1. ]
distortionColor: !!opencv-matrix
   rows: 1
   cols: 5
   dt: d
   data: [ -9.4636999999999999e-02, 2.2936899999999999e-01,
       1.7799999999999999e-04, 2.0000000000000002e-05,
       -5.1073000000000000e-02 ]
cameraMatrixDepth: !!opencv-matrix
   rows: 3
   cols: 3
   dt: d
   data: [ 8.4224589700000001e+02, 0., 3.9477131200000002e+02, 0.,
       8.4307144700000003e+02, 3.0220172100000002e+02, 0., 0., 1. ]
distortionDepth: !!opencv-matrix
   rows: 1
   cols: 5
   dt: d
   data: [ -9.0245000000000006e-02, 7.6838000000000004e-02,
       5.2200000000000000e-04, -6.4999999999999997e-04,
       2.9861599999999999e-01 ]
rotation: !!opencv-matrix
   rows: 3
   cols: 3
   dt: d
   data: [ 9.9976900000000002e-01, -2.8089999999999999e-03,
       2.1292999999999999e-02, 2.7599999999999999e-03,
       9.9999400000000005e-01, 2.3050000000000002e-03,
       -2.1298999999999998e-02, -2.2460000000000002e-03,
       9.9977099999999997e-01 ]
translation: !!opencv-matrix
   rows: 3
   cols: 1
   dt: d
   data: [ 7.9645999999999995e-02, 1.1689999999999999e-03,
       -5.9059999999999998e-03 ]
